C++ CLASS FOR RANKING GLOBAL CURRENCIES


TESTING REGRESSION CLASS
Constructed a square matrix of dimension: (2,2)
Changed the dimension to: (3,3)
Generated random antisymmetric matrix

0 , 1 , 2 ,
-1 , 0 , 3 ,
-2 , -3 , 0 ,


Constructed a square matrix of dimension: (2,2)
INITIALIZATION: subclass Regression
Imported vector of currency tickers

Imported matrix of antisymmetric data

AUD, GBP, CAD, DKK, EUR, JPY, NZD, NOK, SEK, CHF, USD,

0 , 0.015 , 0.078 , -0.288 , -0.335 , -0.615 , 0.145 , -0.025 , -0.175 , -0.7 , -0.16 ,
-0.015 , 0 , 0.005 , -0.235 , -0.263 , -0.368 , -0.053 , 0.295 , 0.245 , -0.395 , -0.258 ,
-0.078 , -0.005 , 0 , -0.333 , -0.213 , -0.715 , 0.233 , 0.113 , 0.138 , -0.28 , -0.19 ,
0.288 , 0.235 , 0.333 , 0 , 0.2 , -0.305 , 0.435 , 0.508 , 0.373 , -0.308 , 0.265 ,
0.335 , 0.263 , 0.213 , -0.2 , 0 , -0.298 , 0.433 , 0.48 , 0.343 , -0.225 , 0.203 ,
0.615 , 0.368 , 0.715 , 0.305 , 0.298 , 0 , 0.64 , 0.965 , 0.418 , -0.068 , 0.515 ,
-0.145 , 0.053 , -0.233 , -0.435 , -0.433 , -0.64 , 0 , -0.125 , -0.265 , -0.75 , -0.145 ,
0.025 , -0.295 , -0.113 , -0.5 , -0.48 , -0.965 , 0.125 , 0 , -0.06 , -0.358 , -0.24 ,
0.175 , -0.245 , -0.138 , -0.373 , -0.343 , -0.418 , 0.265 , 0.06 , 0 , -0.453 , -0.035 ,
0.7 , 0.395 , 0.28 , 0.308 , 0.225 , 0.068 , 0.75 , 0.358 , 0.453 , 0 , 0.493 ,
0.16 , 0.258 , 0.19 , -0.265 , -0.203 , -0.515 , 0.145 , 0.24 , 0.035 , -0.493 , 0 ,


     0  0.015  0.078 -0.288 -0.335 -0.615  0.145 -0.025 -0.175   -0.7  -0.16
-0.015      0  0.005 -0.235 -0.263 -0.368 -0.053  0.295  0.245 -0.395 -0.258
-0.078 -0.005      0 -0.333 -0.213 -0.715  0.233  0.113  0.138  -0.28  -0.19
 0.288  0.235  0.333      0    0.2 -0.305  0.435  0.508  0.373 -0.308  0.265
 0.335  0.263  0.213   -0.2      0 -0.298  0.433   0.48  0.343 -0.225  0.203
 0.615  0.368  0.715  0.305  0.298      0   0.64  0.965  0.418 -0.068  0.515
-0.145  0.053 -0.233 -0.435 -0.433  -0.64      0 -0.125 -0.265  -0.75 -0.145
 0.025 -0.295 -0.113   -0.5  -0.48 -0.965  0.125      0  -0.06 -0.358  -0.24
 0.175 -0.245 -0.138 -0.373 -0.343 -0.418  0.265   0.06      0 -0.453 -0.035
   0.7  0.395   0.28  0.308  0.225  0.068   0.75  0.358  0.453      0  0.493
  0.16  0.258   0.19 -0.265 -0.203 -0.515  0.145   0.24  0.035 -0.493      0


LEAST SQUARES REGRESSION WITH IMPORTED DATA
AUD  :  -0.194037
GBP  :  -0.1042
CAD  :  -0.152404
DKK  :  0.2016
EUR  :  0.1547
JPY  :  0.4771
NZD  :  -0.3118
NOK  :  -0.2869
SEK  :  -0.1505
CHF  :  0.403
USD  :  -0.0448


LEAST SQUARES REGRESSION WITH RANDOM DATA
Changed the dimension to: (20,20)
Generated random antisymmetric matrix

  2.60422
        3
  2.08443
  2.36842
  1.94737
  1.31579
 0.473684
 0.736842
 0.263158
 0.631579
-0.105263
-0.157895
-0.473684
 -1.05263
       -1
 -1.52632
       -2
 -2.68421
 -3.05263
 -3.15789